main <- 2.98
intH <- 4.83
intL <- 2.28
##############
mainA <- 2.88
mainX <- 3.61
intH <- 4.34
intL <- 1.83
intAX <- 5.74
intXX <- 5.15
